[gd_scene load_steps=5 format=3 uid="uid://c3qdtr17vggdq"]

[ext_resource type="PackedScene" uid="uid://dcda5volpr50g" path="res://classes/entities/Human.tscn" id="1_guf5n"]
[ext_resource type="PackedScene" uid="uid://3qcdg1nx3nsr" path="res://nodes/HUD.tscn" id="3_ksnlk"]
[ext_resource type="PackedScene" uid="uid://cfw0k0lostyyn" path="res://nodes/Inventory.tscn" id="4_3gwfh"]
[ext_resource type="Script" path="res://nodes/entities/player/movement.gd" id="5_b6kmu"]

[node name="player" instance=ExtResource("1_guf5n")]
script = ExtResource("5_b6kmu")

[node name="HUD" parent="." index="4" instance=ExtResource("3_ksnlk")]

[node name="Inventory" parent="." index="5" instance=ExtResource("4_3gwfh")]

[node name="Physical Bone torso" parent="human_generic_01/Armature/Skeleton3D" index="1"]
transform = Transform3D(1, 0, 0, 0, 0, -1, 0, 1, 0, 0, 1.13322, 1.16415e-07)
joint_offset = Transform3D(1, 0, 0, 0, 1, 0, 0, 0, 1, 0, 0, 0.268118)
body_offset = Transform3D(1, 0, 0, 0, 0, -1, 0, 1, 0, 0, 0.268118, 0)

[node name="Physical Bone shoulder_l" parent="human_generic_01/Armature/Skeleton3D" index="2"]
joint_offset = Transform3D(1, 0, 4.41871e-14, 0, 1, 0, -4.41871e-14, 0, 1, 1.1939e-08, 1.49095e-10, 0.118698)

[node name="Physical Bone upperarm_l" parent="human_generic_01/Armature/Skeleton3D" index="3"]
transform = Transform3D(-0.924262, -4.25552e-07, -0.38176, -0.38176, -3.08469e-07, 0.924262, -5.11082e-07, 1, 1.22648e-07, 0.287489, 1.27694, 7.1153e-06)
joint_offset = Transform3D(1, 0, 0, 0, 1, 0, 0, 0, 1, 1.3877e-07, -7.01359e-06, 0.131268)
joint_rotation = Vector3(0, 0, 0)
body_offset = Transform3D(1, 0, -1.49012e-07, -1.49012e-07, -1.53496e-09, -1, -2.84217e-14, 1, -1.53494e-09, -1.19209e-07, 0.131268, 7.01379e-06)

[node name="Physical Bone forearm_l" parent="human_generic_01/Armature/Skeleton3D" index="4"]
transform = Transform3D(-0.991061, -5.58965e-07, -0.133412, -0.133412, -2.1242e-07, 0.991061, -5.83161e-07, 1, 1.36377e-07, 0.356065, 1.01846, 6.65896e-08)
joint_offset = Transform3D(1, 0, 0, 0, 1, 0, 0, 0, 1, -2.36159e-08, 2.01136e-11, 0.138388)
body_offset = Transform3D(1, 3.29692e-12, -4.47036e-08, -1.04308e-07, 2.79108e-09, -1, -8.55948e-10, 1, 3.21955e-09, 2.98023e-08, 0.138388, -4.65661e-10)

[node name="Physical Bone neck" parent="human_generic_01/Armature/Skeleton3D" index="5"]
transform = Transform3D(0.999971, -1.03564e-07, -0.00757554, -0.00757554, -1.32476e-07, -0.999971, 1.02557e-07, 1, -1.33043e-07, 0.00109896, 1.5464, 1.35507e-07)
joint_offset = Transform3D(1, 0, 0, 0, 1, 0, 0, 0, 1, -1.35104e-10, 2.75321e-10, 0.145067)
body_offset = Transform3D(1, 3.55271e-15, 9.31321e-10, 9.31325e-10, 1.09803e-09, -1, -1.77636e-15, 1, 1.31209e-09, 0, 0.145067, -4.65661e-10)

[node name="Physical Bone shoulder_r" parent="human_generic_01/Armature/Skeleton3D" index="6"]
transform = Transform3D(-0.0129623, 1.27607e-08, 0.999916, 0.999916, -5.41985e-07, 0.0129623, 5.36765e-07, 1, -4.39921e-09, -0.118688, 1.3998, -4.36287e-05)
joint_offset = Transform3D(1, 0, 0, 0, 1, 0, 0, 0, 1, -1.1939e-08, 4.37456e-05, 0.118698)
body_offset = Transform3D(1, 0, 1.00583e-07, 1.00583e-07, -1.25608e-09, -1, -5.3401e-09, 1, 7.89413e-11, 0, 0.118698, -4.37456e-05)

[node name="Physical Bone upperarm_r" parent="human_generic_01/Armature/Skeleton3D" index="7"]
transform = Transform3D(-0.924262, 4.25547e-07, 0.38176, 0.38176, -3.08467e-07, 0.924262, 5.11082e-07, 1, 1.23076e-07, -0.287489, 1.27694, 1.01514e-07)
joint_offset = Transform3D(1, 0, 0, 0, 1, 0, 0, 0, 1, -1.3877e-07, -3.20368e-10, 0.131268)
body_offset = Transform3D(1, 5.00222e-12, 1.49012e-07, 1.49012e-07, -1.5356e-09, -1, 0, 1, -1.10684e-09, 1.19209e-07, 0.131268, 4.65661e-10)

[node name="Physical Bone forearm_r" parent="human_generic_01/Armature/Skeleton3D" index="8"]
transform = Transform3D(-0.991061, 5.58963e-07, 0.133412, 0.133412, -2.12421e-07, 0.991061, 5.84017e-07, 1, 1.35949e-07, -0.356065, 1.01846, 6.65896e-08)
joint_offset = Transform3D(1, 0, 0, 0, 1, 0, 0, 0, 1, 2.36159e-08, 7.93539e-11, 0.138388)
body_offset = Transform3D(1, -1.25056e-12, 4.47036e-08, 1.04308e-07, 2.79155e-09, -1, 1.71235e-09, 1, 2.79148e-09, -2.98023e-08, 0.138388, -4.65661e-10)

[node name="Physical Bone pelvic_l" parent="human_generic_01/Armature/Skeleton3D" index="9"]
transform = Transform3D(2.97731e-07, 0.874822, -0.484444, -5.90761e-08, 0.484444, 0.874822, 1, -1.19209e-07, 1.93111e-07, 0.0545865, 0.766529, 4.38406e-05)
joint_offset = Transform3D(1, 0, 0, 0, 1, 0, 0, 0, 1, -4.3746e-05, 1.20846e-06, 0.112681)
body_offset = Transform3D(1, -1.42109e-14, -6.04231e-10, -6.04231e-10, 1.19209e-07, -1, 0, 1, 1.19209e-07, 4.37461e-05, 0.112681, -1.2219e-06)

[node name="Physical Bone thigh_l" parent="human_generic_01/Armature/Skeleton3D" index="10"]
transform = Transform3D(1.97014e-07, 0.999983, -0.005848, -1.82371e-07, 0.005848, 0.999983, 1, -9.57489e-08, 2.34809e-07, 0.110092, 0.511351, 7.05011e-06)
joint_offset = Transform3D(1, 0, 0, 0, 1, 0, 0, 0, 1, -7.01369e-06, 2.18776e-09, 0.156605)
body_offset = Transform3D(1, 0, -6.48612e-10, -4.11845e-10, -1.39698e-08, -1, 1.98952e-13, 1, -1.39699e-08, 7.01379e-06, 0.156605, 0)

[node name="Physical Bone ankle_l" parent="human_generic_01/Armature/Skeleton3D" index="11"]
transform = Transform3D(1.16247e-07, 1.00077, 0.0119081, -1.85798e-07, -0.0119103, 1.00084, 1, -1.92058e-08, 2.37701e-07, 0.109176, 0.200893, -7.05104e-06)
joint_offset = Transform3D(1, 0, 0, 0, 1, 0, 0, 0, 1, 7.01356e-06, 1.00791e-06, 0.153725)
body_offset = Transform3D(1, -4.80327e-12, 1.52318e-09, 1.7357e-09, -3.55858e-06, -1.00092, 0, 1.00084, -6.5621e-06, -7.01379e-06, 0.153866, 0)

[node name="Physical Bone pelvic_r" parent="human_generic_01/Armature/Skeleton3D" index="12"]
transform = Transform3D(2.97731e-07, -0.874822, 0.484444, 5.9076e-08, 0.484444, 0.874822, -1, -1.19209e-07, 1.94446e-07, -0.0545865, 0.766529, 9.49949e-08)
joint_offset = Transform3D(1, 0, 0, 0, 1, 0, 0, 0, 1, 5.48004e-10, 1.20846e-06, 0.112681)
body_offset = Transform3D(1, 7.10543e-15, -7.30765e-10, 6.0426e-10, 1.19209e-07, -1, 0, 1, 1.19209e-07, -4.65661e-10, 0.112681, -1.2219e-06)

[node name="Physical Bone thigh_r" parent="human_generic_01/Armature/Skeleton3D" index="13"]
transform = Transform3D(1.97017e-07, -0.999983, 0.005848, 1.82394e-07, 0.005848, 0.999983, -1, -9.57489e-08, 2.35023e-07, -0.110092, 0.511351, 3.58559e-08)
joint_offset = Transform3D(1, 0, 0, 0, 1, 0, 0, 0, 1, -6.80555e-11, 2.18775e-09, 0.156605)
body_offset = Transform3D(1, 2.66454e-15, 4.34568e-10, 3.88255e-10, -1.39698e-08, -1, -2.90612e-12, 1, -1.39699e-08, 0, 0.156605, 0)

[node name="Physical Bone ankle_r" parent="human_generic_01/Armature/Skeleton3D" index="14"]
transform = Transform3D(1.16247e-07, -1.00077, -0.0119081, 1.85763e-07, -0.0119103, 1.00084, -1, -1.93522e-08, 2.37499e-07, -0.109176, 0.200893, -3.72529e-08)
joint_offset = Transform3D(1, 0, 0, 0, 1, 0, 0, 0, 1, -2.62488e-10, 1.00791e-06, 0.153725)
joint_rotation = Vector3(0, 0, 0)
body_offset = Transform3D(1, 1.51246e-10, -1.32167e-09, -1.7009e-09, -3.55858e-06, -1.00092, 4.15668e-13, 1.00084, -6.5621e-06, 4.65661e-10, 0.153866, 0)

[editable path="HUD"]
[editable path="human_generic_01"]
