[gd_scene load_steps=8 format=3 uid="uid://d2asxneyc6ot1"]

[ext_resource type="PackedScene" uid="uid://dcda5volpr50g" path="res://classes/entities/Human.tscn" id="1_guf5n"]
[ext_resource type="Script" path="res://nodes/entities/player/detect_loot.gd" id="2_7y63y"]
[ext_resource type="PackedScene" uid="uid://3qcdg1nx3nsr" path="res://nodes/HUD.tscn" id="3_ksnlk"]
[ext_resource type="PackedScene" uid="uid://cfw0k0lostyyn" path="res://nodes/Inventory.tscn" id="4_3gwfh"]
[ext_resource type="PackedScene" uid="uid://c3m0cpcdivpt5" path="res://nodes/entities/fp_arms/unarmed.tscn" id="4_ytwui"]
[ext_resource type="Script" path="res://nodes/entities/player/movement.gd" id="5_b6kmu"]

[sub_resource type="BoxShape3D" id="BoxShape3D_hn8et"]
size = Vector3(0.484665, 2.23589, 0.327528)

[node name="player" instance=ExtResource("1_guf5n")]
script = ExtResource("5_b6kmu")

[node name="collision" parent="." index="0"]
transform = Transform3D(1, 0, 0, 0, 1, 0, 0, 0, 1, -9.68385e-09, 0, 0.110771)
shape = SubResource("BoxShape3D_hn8et")

[node name="Skeleton3D" parent="." index="1"]
bones/1/position = Vector3(-0.0749063, 1.00897, 0.000308429)
bones/6/position = Vector3(-0.0367374, 0.212952, 0.00777172)

[node name="human_empty2" parent="Skeleton3D" index="0"]
visible = false

[node name="neck" parent="Skeleton3D" index="1"]
transform = Transform3D(1, 0, 0, 0, 0.999999, 0, 0, 0, 1, -0.0350962, 1.21334, 0.247824)
override_pose = true

[node name="Camera3D" type="Camera3D" parent="Skeleton3D/neck" index="0"]
transform = Transform3D(-2, 0, -1.74846e-07, 0, 2, 0, 1.74846e-07, 0, -2, -3.72529e-08, 0.673829, 0.44668)

[node name="line_of_sight" type="RayCast3D" parent="Skeleton3D/neck/Camera3D" index="0"]
transform = Transform3D(2, -5.68434e-13, 6.09864e-20, 0, -8.74229e-08, -2, 5.68434e-13, 2, -8.7423e-08, 0.00331168, -0.00205714, -0.0262807)
script = ExtResource("2_7y63y")

[node name="first_person" type="Node3D" parent="Skeleton3D/neck" index="1"]
transform = Transform3D(-1, 0, -8.74228e-08, 0, 1, 0, 8.74228e-08, 0, -1, -1.41561e-07, -0.653523, 1.68709)

[node name="slot" parent="Skeleton3D/neck/first_person" index="0" instance=ExtResource("4_ytwui")]

[node name="right_hand" parent="Skeleton3D" index="2"]
transform = Transform3D(-0.9515, -0.21541, 0.219649, 0.214952, -0.976271, -0.026275, 0.220097, 0.0222135, 0.975224, -1.05389, 0.210894, 0.329885)

[node name="hold_area" parent="Skeleton3D/right_hand" index="0"]
transform = Transform3D(-0.988494, 0.151261, -4.57753e-10, 0.000792014, 0.00517584, 0.999986, 0.151259, 0.988481, -0.00523608, 0.00826681, 0.14901, 0.301314)

[node name="left_hand" parent="Skeleton3D" index="3"]
transform = Transform3D(-0.9515, -0.21541, 0.219649, 0.214952, -0.976271, -0.026275, 0.220097, 0.0222135, 0.975224, -1.05389, 0.210894, 0.329885)

[node name="HUD" parent="." index="4" instance=ExtResource("3_ksnlk")]

[node name="Inventory" parent="." index="5" instance=ExtResource("4_3gwfh")]

[editable path="Skeleton3D/neck/first_person/slot"]
[editable path="HUD"]
